[22 7 1]
[20 15 2 1]
[20 8 3 1 1]
[20 13 5]
[22 5 1 1 1 1 1 1 1 1 1]
[22 9 5 1]
[19 8 1 1 1 1 1]
[20 8 5 3 3 3]
[19 3 1 1 1 1 1]
[17 7 3]
[19 8 7]
[20 10 4 1 1 1]
[21 12 3]
[20 12 8 5]
[23 11 4 1]
[22 10 4 2]
[22 10 10 8 2]
[19 8 5 2 2]
[21 8 5 5 1 1]
[20 12 4 3 3 1]
[18 8 5 2 2 2 2 2]
[19 12 4]
[20 9]
[19 12 2 2 1 1 1 1 1]
[21 5 4 2 2 2 2]
[19 7 3 2]
[20 1]
[23 8 4 1]
[21 12 4 2]
[19 9 4 3 3 3 2 2]
[20 7 5 3]
[20 10 4 2 1]
[22 9 2 1 1 1 1 1]
[21 8 5 2]
[22 10 10 7 1]
[21 13 5]
[21 11 3]
[23 5 2 1]
[20 5 1 1 1]
[20 7 2 2 1 1 1]
[21 7 3]
[21 5 2]
[22 9 4]
[18 5 3 3 2]
[21 9 4 2 2 1]
[20 10 6 4 4 1]
[19 14 4 1]
[22 12 5 4]
[18 13 6 3]
[19 7 1]
[22 6 4 2 2 2 2]
[20 5 2]
[19 4 1 1 1 1]
[19 11 5 4 1]
[19 8 2 1 1 1 1]
[21 7 3 3]
[20 10 3 2]
[19 8 6 1 1 1 1 1 1 1 1 1 1 1 1]
[18 8 1 1 1]
[21 5 3 1 1 1]
[21 6 3]
[20 5 1 1]
[21 11 2]
[21 6 1 1]
[22 9 4]
[20 8 3]
[21 6 2]
[20 5]
[22 5 2 2]
[21 13 6 1]
[21 9 3]
[19 7 7 6 3 3 3]
[20 13 1 1 1]
[20 9 3 2 1 1 1]
